The estimated Accelerometer biases are:
X: -0.006740
Y: 0.028269
Z: 0.461972
The estimated Accelerometer scale factors are:
X: 0.009209
Y: 0.009637
Z: 0.009982
The estimated Magnetometer biases are:
X: 0.212791
Y: 0.134722
Z: -0.496706
The estimated Magnetometer scale factors are:
X: 0.002736
Y: 0.002853
Z: 0.003150
